1 0.170289 0.853552 0.066141 0.215646
2 0.599195 0.722583 0.198391 0.227958
2 0.829984 0.64775 0.046719 0.038792
2 0.757961 0.677812 0.076047 0.094083
2 0.641227 0.665854 0.134984 0.162375
2 0.376047 0.710104 0.257781 0.318875
1 0.858461 0.645479 0.009047 0.02225
2 0.964023 0.638656 0.050672 0.039854
3 0.093797 0.736365 0.078 0.215312
2 0.874273 0.581052 0.023922 0.023771
2 0.847281 0.598292 0.021313 0.032833
2 0.861414 0.609083 0.019391 0.031375
7 0.376367 0.705552 0.258828 0.311479
7 0.758727 0.676719 0.077141 0.092021
