39 0.979039 0.342271 0.020297 0.085375
39 0.991953 0.356437 0.014875 0.062167
39 0.64618 0.386062 0.007984 0.023958
39 0.653867 0.385854 0.008266 0.023958
39 0.698281 0.352875 0.008781 0.021292
39 0.68368 0.383396 0.004266 0.020292
56 0.792789 0.730646 0.290266 0.413875
56 0.244109 0.912323 0.170813 0.175354
68 0.608883 0.273 0.113422 0.091667
45 0.87482 0.943979 0.181766 0.111125
72 0.392781 0.456646 0.050125 0.422917
39 0.680609 0.353885 0.012531 0.021854
69 0.597383 0.377208 0.105547 0.067958
56 0.951195 0.801698 0.097609 0.248438
