39 0.062141 0.895104 0.090875 0.209583
39 0.014906 0.899094 0.029812 0.201813
25 0.046656 0.402 0.056563 0.218667
25 0.082148 0.411906 0.057953 0.215188
56 0.72057 0.911323 0.099203 0.150229
56 0.055617 0.679146 0.062422 0.234667
60 0.344922 0.843719 0.689094 0.312563
0 0.34382 0.393406 0.522484 0.737063
0 0.716547 0.561271 0.566906 0.877417
41 0.414555 0.743583 0.047203 0.115958
42 0.305766 0.838667 0.12875 0.09875
42 0.445359 0.82124 0.167687 0.028146
43 0.119656 0.870437 0.11775 0.054875
53 0.196719 0.84326 0.272438 0.197188
53 0.44118 0.917104 0.300797 0.141708
43 0.502492 0.826219 0.070172 0.018021
41 0.014219 0.908594 0.02625 0.181896
41 0.350859 0.966573 0.106281 0.066854
