14 0.167602 0.454624 0.039766 0.077105
14 0.381617 0.226995 0.086578 0.067042
14 0.62743 0.494413 0.087984 0.072363
14 0.946281 0.618584 0.075 0.029593
14 0.64018 0.621369 0.069547 0.02543
14 0.144437 0.444632 0.025688 0.01133
14 0.116844 0.429327 0.031656 0.011862
14 0.170859 0.655626 0.065094 0.022895
14 0.179633 0.630837 0.058953 0.031127
14 0.6165 0.77313 0.103844 0.050579
14 0.414508 0.316964 0.021141 0.015399
14 0.444195 0.314366 0.028359 0.021628
14 0.460039 0.278983 0.020891 0.011268
14 0.553258 0.254343 0.017672 0.010438
14 0.705797 0.222496 0.019781 0.014257
14 0.683914 0.263247 0.024734 0.007966
14 0.59432 0.591956 0.066266 0.048138
14 0.834062 0.242543 0.022281 0.014476
14 0.335648 0.430861 0.032797 0.015587
14 0.482031 0.305164 0.942188 0.27856
