6 0.491781 0.473032 0.286938 0.739336
6 0.794609 0.493261 0.410781 0.986522
0 0.066742 0.786739 0.081328 0.319108
0 0.105273 0.609577 0.088828 0.182906
0 0.117742 0.577517 0.072516 0.172975
0 0.190586 0.552952 0.052984 0.248741
0 0.274367 0.392746 0.033141 0.158261
6 0.070055 0.17381 0.140109 0.166522
26 0.216211 0.538867 0.016766 0.034851
26 0.400195 0.199256 0.006859 0.033432
0 0.342016 0.392597 0.04525 0.188627
0 0.179703 0.544668 0.038688 0.109153
0 0.08543 0.633455 0.104797 0.180366
0 0.312453 0.401373 0.03325 0.12833
26 0.052352 0.887597 0.053109 0.122654
26 0.137102 0.60032 0.029953 0.038902
0 0.572234 0.453341 0.049875 0.073638
13 0.012922 0.724645 0.025844 0.038215
26 0.07132 0.60738 0.045234 0.052609
0 0.180383 0.66095 0.057359 0.266522
