56 0.149094 0.876142 0.071313 0.245877
56 0.165242 0.80195 0.070953 0.30585
60 0.490352 0.808983 0.357984 0.35507
0 0.790352 0.7 0.360516 0.6
0 0.630672 0.5061 0.175156 0.359777
0 0.311922 0.699081 0.265188 0.601838
0 0.088914 0.579889 0.177828 0.840223
40 0.519078 0.768022 0.033344 0.148969
40 0.510016 0.832827 0.041156 0.136462
42 0.409344 0.70227 0.0375 0.069833
42 0.657609 0.786448 0.042313 0.126769
0 0.400664 0.487618 0.144109 0.282646
40 0.431578 0.663858 0.028844 0.118412
0 0.684898 0.59376 0.234516 0.469972
0 0.20993 0.60461 0.131047 0.548997
0 0.420242 0.352061 0.120328 0.39727
41 0.512133 0.831407 0.041766 0.139025
40 0.464195 0.612604 0.022078 0.090056
0 0.176906 0.377772 0.116312 0.491811
40 0.590867 0.775808 0.038422 0.120696
41 0.590922 0.7739 0.042 0.11805
