15 0.273758 0.599365 0.157422 0.201354
39 0.718531 0.580219 0.040531 0.096604
58 0.052852 0.641156 0.102359 0.391479
67 0.71407 0.676 0.056172 0.055833
63 0.456344 0.626885 0.237313 0.322812
41 0.103109 0.791177 0.081469 0.161729
73 0.919508 0.826771 0.130672 0.045458
73 0.926148 0.723958 0.105703 0.02
73 0.689102 0.767333 0.241703 0.168583
73 0.929016 0.803677 0.111625 0.036146
73 0.92768 0.719188 0.104297 0.0155
73 0.887266 0.633302 0.111094 0.067437
39 0.12732 0.633573 0.062297 0.168146
73 0.920383 0.703469 0.102578 0.029438
73 0.510547 0.439208 0.092844 0.053333
