32 0.911074 0.384352 0.034527 0.017172
56 0.470993 0.768625 0.114365 0.080625
38 0.519827 0.474086 0.083118 0.115766
0 0.393222 0.724211 0.329122 0.443953
0 0.594065 0.762961 0.115843 0.174328
0 0.828476 0.734742 0.075935 0.179422
0 0.644977 0.609367 0.037852 0.022297
0 0.947783 0.605406 0.02933 0.022594
0 0.855289 0.60493 0.036536 0.015734
0 0.181513 0.608133 0.04127 0.023516
0 0.756467 0.614609 0.014134 0.011125
32 0.79642 0.73775 0.008637 0.006063
0 0.91306 0.60843 0.030831 0.020016
0 0.684238 0.606516 0.051432 0.031469
0 0.977621 0.598789 0.033672 0.036328
0 0.595208 0.613523 0.031986 0.014547
0 0.429273 0.60668 0.030185 0.026672
0 0.771363 0.334375 0.180139 0.571875
