14 0.617875 0.95025 0.099844 0.08875
19 0.789516 0.452687 0.191938 0.406458
19 0.16275 0.681531 0.251688 0.199104
0 0.342211 0.269281 0.156391 0.378937
19 0.792883 0.690583 0.395172 0.260083
45 0.273367 0.470208 0.043828 0.029208
45 0.197664 0.46625 0.037422 0.024458
45 0.236477 0.469646 0.039078 0.020625
45 0.174117 0.461052 0.038109 0.034979
45 0.243148 0.45025 0.056047 0.009542
45 0.200414 0.439938 0.038516 0.0265
45 0.243633 0.43526 0.054828 0.014479
45 0.220109 0.382646 0.033938 0.017542
45 0.228477 0.40626 0.017859 0.015562
14 0.418008 0.84624 0.042109 0.118729
14 0.448211 0.771927 0.073891 0.103021
14 0.659727 0.219312 0.090828 0.119333
14 0.618539 0.29775 0.023609 0.056167
14 0.36882 0.639719 0.023953 0.061729
14 0.448562 0.722083 0.038438 0.073875
14 0.610508 0.641094 0.044422 0.044437
14 0.659156 0.591198 0.025219 0.021646
14 0.907531 0.204927 0.08375 0.089146
14 0.946641 0.422563 0.055469 0.0535
14 0.326578 0.663844 0.064063 0.059312
45 0.241953 0.45599 0.050125 0.007229
0 0.129859 0.263927 0.14 0.309062
14 0.416383 0.652312 0.044141 0.036833
14 0.646094 0.579167 0.632812 0.6625
