62 0.449078 0.484771 0.382719 0.321
74 0.794203 0.81551 0.085688 0.143479
41 0.575703 0.690448 0.045937 0.050521
45 0.042133 0.876667 0.055234 0.0505
0 0.546563 0.48601 0.147469 0.209604
73 0.330164 0.906698 0.013359 0.099771
73 0.407141 0.896229 0.009031 0.07175
73 0.48468 0.914771 0.008547 0.1045
73 0.56125 0.933677 0.006281 0.108229
73 0.449156 0.919104 0.453375 0.134833
74 0.673547 0.416937 0.0305 0.041292
74 0.382281 0.244562 0.027375 0.032833
0 0.390023 0.508083 0.195047 0.165208
41 0.252289 0.674458 0.026953 0.050292
75 0.520086 0.671937 0.060797 0.082667
75 0.307781 0.659646 0.029688 0.076875
75 0.383523 0.666 0.057578 0.083167
75 0.208609 0.646427 0.058906 0.098979
75 0.685039 0.660094 0.049234 0.103146
75 0.746672 0.851417 0.041656 0.085958
75 0.920625 0.591698 0.055938 0.090271
75 0.627258 0.658135 0.049641 0.103104
75 0.575586 0.688979 0.041766 0.046542
75 0.341023 0.674417 0.025984 0.05825
75 0.252352 0.673333 0.028422 0.048708
39 0.103625 0.82926 0.054813 0.102187
