74 0.632508 0.257375 0.039734 0.054833
0 0.964766 0.726167 0.070469 0.52125
52 0.644102 0.498896 0.097141 0.056875
54 0.309641 0.557854 0.071531 0.058208
54 0.207258 0.780948 0.113234 0.071563
54 0.238305 0.566885 0.080828 0.057438
54 0.14707 0.543958 0.072203 0.058125
54 0.091117 0.585333 0.075266 0.062958
54 0.079797 0.546031 0.056563 0.039771
54 0.110563 0.49774 0.062438 0.040021
54 0.163656 0.474948 0.068281 0.040396
54 0.16307 0.577427 0.074172 0.055187
54 0.469469 0.486021 0.072625 0.043083
54 0.388742 0.336042 0.072734 0.024875
0 0.628984 0.401542 0.131031 0.060625
54 0.30593 0.332865 0.075609 0.041521
52 0.67118 0.495677 0.098578 0.061354
54 0.471875 0.546875 0.940625 0.58125
